--- Spreadsheet Print Report --- 10.02.2026 07:49:20
PageWidth: 1122,5196850393702, PageHeight: 793,7007874015748
UsableWidth: 988,1196850393701, UsableHeight: 649,7007874015748
Total Rows: 50, Total Columns: 26

Page Rows: 0 - 31
Row Heights: 20,20,20,20,20,20,20,20,20,20,20,20,20,20,20,20,20,20,20,20,20,20,20,20,20,20,20,20,20,20,20,20
Column Widths: 80,80,80,80,80,80,80,80,80,80,80,80,80,80,80,80,80,80,80,80,80,80,80,80,80,80

Page Rows: 32 - 49
Row Heights: 20,20,20,20,20,20,20,20,20,20,20,20,20,20,20,20,20,20
Column Widths: 80,80,80,80,80,80,80,80,80,80,80,80,80,80,80,80,80,80,80,80,80,80,80,80,80,80

--- Spreadsheet Print Report --- 10.02.2026 07:53:37
PageWidth: 1122,5196850393702, PageHeight: 793,7007874015748
UsableWidth: 988,1196850393701, UsableHeight: 649,7007874015748
Total Rows: 53, Total Columns: 11

Page Rows: 0 - 34
Row Heights: 18,400000000000002,18,400000000000002,18,400000000000002,18,400000000000002,18,400000000000002,18,400000000000002,18,400000000000002,18,400000000000002,18,400000000000002,18,400000000000002,18,400000000000002,18,400000000000002,18,400000000000002,18,400000000000002,18,400000000000002,18,400000000000002,18,400000000000002,18,400000000000002,18,400000000000002,18,400000000000002,18,400000000000002,18,400000000000002,18,400000000000002,18,400000000000002,18,400000000000002,18,400000000000002,18,400000000000002,18,400000000000002,18,400000000000002,18,400000000000002,18,400000000000002,18,400000000000002,18,400000000000002,18,400000000000002,18,400000000000002
Column Widths: 34,48,83,279,30,27,51,58,30,51,27

Page Rows: 35 - 52
Row Heights: 18,400000000000002,18,400000000000002,18,400000000000002,18,400000000000002,18,400000000000002,18,400000000000002,18,400000000000002,18,400000000000002,18,400000000000002,18,400000000000002,18,400000000000002,18,400000000000002,18,400000000000002,18,400000000000002,18,400000000000002,18,400000000000002,18,400000000000002,18,400000000000002
Column Widths: 34,48,83,279,30,27,51,58,30,51,27

